33,35
33,34
33,33
33,32
33,31
33,30
33,29
33,28
33,27
33,26
33,25
33,24
33,23
33,22
33,21
33,20
33,19
33,18
33,17
33,16
33,15
33,14
33,13
33,12
33,11
33,10
33,9
33,8
33,7
33,6
33,5
33,4
33,3
33,2
33,1
33,0
31,7
31,6
31,5
31,4
31,3
31,1
31,0
30,5
30,4
30,3
30,1
30,0
29,4
29,3
29,2
29,1
29,0
28,5
28,4
28,3
28,2
28,1
28,0
27,5
27,4
27,3
27,2
27,1
27,0
26,4
26,3
26,1
26,0
25,5
25,4
25,3
25,1
25,0
24,4
24,3
24,1
24,0
4,3
4,1
4,0
2,6
2,5
2,4
2,3
2,1
2,0
1,3
1,1
1,0
0,414
0,408
0,394
0,387
0,386
0,383
0,382
0,380
0,376
0,375
0,374
0,373
0,364
0,358
0,322
0,243
34,1
34,3
34,0
0,9
0,310
0,305
0,308
0,304
0,303
0,302
0,307
0,12
0,10
0,8
0,0
0,437
0,300
0,436
0,299
0,435
0,298
0,434
0,297
0,433
0,296
0,432
0,295
0,431
0,294
0,430
0,293
0,429
0,292
0,428
0,291
0,427
0,290
0,426
0,289
0,425
0,288
0,424
0,287
0,423
0,286
0,422
0,285
0,421
0,284
0,420
0,283
0,419
0,282
0,418
0,281
0,417
0,280
0,416
0,279
0,415
0,278
0,329
0,277
0,413
0,276
0,412
0,275
33,36
34,2
34,5
35,0
35,2
35,3
35,5
35,7
35,8
35,10
35,11
35,13
35,12
35,9
35,6
35,4
35,1
34,4
0,440
0,274
0,410
0,273
0,409
0,272
0,407
0,271
0,406
0,270
0,405
0,269
0,404
0,268
0,403
0,267
0,402
0,266
0,318
0,265
0,400
0,264
0,399
0,263
0,398
0,262
0,397
0,261
0,411
0,260
0,395
0,259
0,333
0,258
0,393
0,257
0,315
0,256
0,313
0,255
0,372
0,254
0,392
0,253
0,371
0,252
0,370
0,251
0,369
0,250
0,368
0,249
0,391
0,248
0,367
0,247
0,366
0,246
0,365
0,245
0,390
0,244
0,444
0,242
0,442
0,241
0,363
0,240
0,389
0,239
0,361
0,238
0,360
0,237
0,359
0,236
0,388
0,235
0,234
0,357
0,233
0,356
0,232
0,328
0,231
0,355
0,230
0,354
0,229
0,353
0,228
0,335
0,227
0,352
0,226
0,351
0,225
0,350
0,224
0,385
0,223
0,349
0,222
0,348
0,221
0,347
0,220
0,346
0,219
0,384
0,218
0,345
0,217
0,344
0,216
0,343
0,215
0,214
0,342
0,213
0,341
0,212
0,325
0,211
0,336
0,210
0,339
0,209
0,311
0,208
0,337
0,207
0,381
0,206
0,330
0,205
0,204
0,362
0,203
0,327
0,202
0,340
0,201
0,332
0,200
0,396
0,199
0,379
0,198
0,338
0,197
0,443
0,196
0,439
0,195
0,378
0,194
0,334
0,193
0,326
0,192
0,331
0,63
0,377
0,62
0,324
0,61
0,323
0,60
0,321
0,59
0,447
0,58
0,320
0,57
0,319
0,56
0,438
0,55
0,446
0,54
0,317
0,53
0,316
0,52
0,441
0,51
0,314
0,50
0,445
0,49
0,312
0,48
0,401
0,47
0,309
0,46
0,306
0,45
0,301
0,6
0,5
0,1
0,11
0,4
0,2
0,3
0,7
